673
280 747
117 606
115 459
279 604
443 749
274 265
625 223
976 181
587 504
475 475
363 446
206 379
162 336
118 293
202 206
280 147
358 88
483 145
504 165
525 185
518 395
497 419
476 443
271 369
222 349
173 329
220 483
255 479
290 475
311 445
316 395
321 345
367 287
455 332
543 377
468 364
474 383
480 402
484 414
486 419
488 424
489 446
490 453
491 460
490 473
488 489
486 505
477 517
466 542
455 567
454 561
444 576
434 591
410 604
406 607
402 610
402 609
402 609
402 609
405 611
433 614
461 617
465 615
486 614
507 613
507 601
519 584
531 567
532 557
535 536
538 515
535 519
524 491
513 463
512 463
508 452
504 441
501 431
498 426
495 421
487 413
483 408
479 403
480 405
478 404
476 403
288 483
288 483
288 483
285 483
279 488
273 493
249 532
239 585
229 638
262 683
305 740
348 797
390 781
426 773
673 2
0 0
0 0
0 0
0 0
0 0
0 0
0 0
0 0
0 0
0 0
0 0
0 0
0 0
0 0
0 0
0 0
0 0
0 0
0 0
0 0
0 0
0 0
0 0
0 0
0 0
0 0
0 0
0 0
0 0
0 0
0 0
0 0
0 0
0 0
0 0
0 0
0 0
0 0
0 0
0 0
0 0
0 0
0 0
0 0
0 0
0 0
0 0
0 0
0 0
0 0
0 0
0 0
0 0
0 0
0 0
0 0
0 0
0 0
0 0
0 0
0 0
0 0
0 0
0 0
0 0
0 0
0 0
0 0
0 0
0 0
0 0
0 0
0 0
0 0
0 0
0 0
0 0
0 0
0 0
0 0
0 0
0 0
0 0
0 0
0 0
0 0
0 0
0 0
0 0
0 0
0 0
0 0
0 0
0 0
0 0
0 0
0 0
0 0
0 0
0 0
0 0
0 0
0 0
0 0
0 0
0 0
0 0
0 0
0 0
0 0
0 0
0 0
0 0
0 0
0 0
0 0
0 0
0 0
0 0
0 0
0 0
0 0
0 0
0 0
0 0
0 0
0 0
0 0
0 0
0 0
0 0
0 0
0 0
0 0
0 0
0 0
0 0
0 0
0 0
0 0
0 0
0 0
0 0
0 0
0 0
0 0
0 0
0 0
0 0
0 0
0 0
0 0
0 0
0 0
0 0
0 0
0 0
0 0
0 0
0 0
0 0
0 0
0 0
0 0
0 0
0 0
0 0
0 0
0 0
0 0
0 0
0 0
0 0
0 0
0 0
0 0
0 0
0 0
0 0
0 0
0 0
0 0
0 0
0 0
0 0
0 0
0 0
0 0
0 0
0 0
0 0
0 0
0 0
0 0
0 0
0 0
0 0
0 0
0 0
0 0
0 0
0 0
0 0
0 0
0 0
0 0
0 0
0 0
0 0
0 0
0 0
0 0
0 0
0 0
0 0
0 0
0 0
0 0
0 0
0 0
0 0
0 0
0 0
0 0
0 0
0 0
0 0
0 0
0 0
0 0
0 0
0 0
0 0
0 0
0 0
0 0
0 0
0 0
0 0
0 0
0 0
0 0
0 0
0 0
0 0
0 0
0 0
0 0
0 0
0 0
0 0
0 0
0 0
0 0
0 0
0 0
0 0
0 0
0 0
0 0
0 0
0 0
0 0
0 0
0 0
0 0
0 0
0 0
0 0
0 0
0 0
0 0
0 0
0 0
0 0
0 0
371 666
368 666
365 666
363 663
354 653
345 643
311 578
301 558
291 538
279 512
272 492
265 472
264 465
262 457
260 449
259 429
259 420
259 411
261 398
264 391
267 384
271 382
278 379
285 376
288 375
292 373
296 371
299 370
302 369
305 368
314 366
318 366
322 366
323 366
329 367
335 368
336 370
339 372
342 374
349 374
356 375
363 376
361 377
364 378
367 379
371 380
375 381
379 382
378 383
379 385
380 387
382 390
384 392
386 394
388 396
398 399
408 402
409 405
412 408
415 411
419 418
425 424
431 430
431 429
433 431
435 433
437 440
437 444
437 448
440 451
440 453
440 455
442 462
442 468
442 474
444 477
445 481
446 485
446 486
446 490
446 494
446 501
447 507
448 513
448 511
448 509
448 507
504 665
508 634
512 603
505 592
501 587
497 582
443 569
391 566
339 563
304 591
276 621
248 651
260 667
270 675
280 683
343 688
385 681
427 674
463 634
489 598
515 562
512 527
514 514
516 501
481 493
438 490
395 487
345 524
322 559
299 594
319 612
349 628
379 644
443 630
479 616
515 602
528 584
538 570
548 556
540 567
539 566
538 565
514 585
498 607
482 629
466 662
454 700
442 738
441 737
440 739
439 741
440 740
440 740
440 740
443 727
454 693
465 659
512 571
524 540
536 509
530 524
530 523
530 522
531 523
533 538
535 553
533 624
529 682
525 740
504 755
485 767
466 779
438 744
408 700
378 656
376 572
378 506
380 440
441 427
480 432
519 437
561 517
580 576
599 635
556 673
502 709
448 745
412 732
397 730
382 728
375 670
370 599
365 528
374 493
391 464
408 435
474 449
528 476
582 503
576 530
588 584
600 638
572 654
551 673
530 692
484 685
448 673
412 661
377 625
352 592
327 559
330 485
330 395
330 305
364 300
384 283
404 266
444 278
493 302
542 326
596 368
626 391
656 414
654 441
660 466
666 491
666 506
667 525
668 544
664 568
646 594
628 620
598 641
566 667
534 693
519 678
500 675
481 672
430 662
402 653
374 644
351 601
332 573
313 545
278 475
252 428
226 381
204 359
171 333
138 307
96 338
72 365
48 392
64 424
80 459
96 494
150 507
210 522
270 537
342 522
394 513
446 504
475 486
500 472
525 458
536 451
547 447
558 443
554 445
560 444
566 443
568 443
570 443
572 443
578 455
583 468
588 481
586 478
585 494
584 510
579 517
574 525
569 533
558 537
552 540
546 543
546 540
524 532
502 524
508 525
498 520
488 515
492 515
491 511
490 507
491 488
496 465
501 442
504 440
505 437
506 434
508 433
509 432
510 431
524 428
529 428
534 428
531 428
531 428
